319117639
394067394
444348914
698537200
335850246
35643203
578425533
279202298
409776240
170801610
602533983
208259
3530725
394074458
680677803
5294454
490036638
263090405
88895225
628522081
525657967
3493127159548137
6534506
399722816
12444306
456404164
8181502
173469252
454560170
927687
16015678
287795639
6926237
401742377
37199377
16322326
201749078
492459544
43536
429714179
322892
31225950
1320581
348420882
330663625
565157366
391679
20554233
2871017
67907025
179465300
314791153
472755538
50426155
245742750
6171645
436473455
1724598
32820037
92568184
526106597
34180472
169896163
398877923
1894959229
22412432
2223018
8112659
24801003
2177677
69214985
421193482
38407276
1020040160
391774002
266681803
14804670
101229184
113362335
1473830
690111567
470959254
34279833
14800002
81824112
27218150
2087432052
3461578152217562
1141159409
627786121
350632501
259144904
16189641
53456
192399437
369750017
359516438
321422126
85754245
322234265
653768
13337125
10040906
4664732
36081646
14946689
660798533
605205509
8673981
3461565017754459
416998409
390079112
1526101
283036476
15451699
641591444
1861446209
37090048
19456751
42561463
404216060
56065480
305956876
320840078
439004370
8465957
185546
12283257
281284373
617394761
1669328690
17075276
630053329
3494362491127940
296092268
3404595
168687092
3331521
2
535019206
281172076
20165629
312543233
3493080560830654
50063223
9728698
1644053613
206840230
1839002753
2063605
3250057
542246263
8969156
50621949
153525294
480680646
19203943
246370149
2897191
163637592
517184570
8366990
7966
1752056466
551188239
18343134
20892823
11264229
669462270
174929383
478038480
37992622
325995185
448039667
318432901
1851255796
43310262
691415738
37963636
450595813
95012810
170088482
1523475
520819684
698029620
386615477
349092963
1691347
382193067
4408538
11799651
386869863
3493093351361272
399695523
13224166
3957971
9293142
196356191
28278842
1773346
50660116
35359510
39807720
451296298
517327498
31624111
226102317
11057377
7655977
415897343
13354765
1447574
438173577
22152819
403943112
328303954
474390659
13677047
255494213
47291
346098914
8469526
448340479
14229967
287349525
11785003
5055
107486042
472729452
614325139
1272878753
10276136
1119253352
89522842
17785708
387089679
434378423
18202105
36267054
487472416
1601895109
1412799242
353312519
330628617
1763562610
628560618
672328094
508416316
55775966
34189415
438880209
2654670
388362147
3066511
28002483
399918500
1954997940
1334382874
15084373
297242063
7956629
20259914
229733301
516314775
566258416
3116281
11870568
453972
79061224
216156027
298484
37068353
10119428
91367145
404200804
109311521
1918296
3046429
6457791
37861070
376666642
308693140
16581691
443141374
87721937
7875104
1336027038
172447618
503583434
423442
133934
89977656
386165680
481936705
158119101
9411426
6101118
7370915
485578465
1543732
510856133
264740735
19071708
105493566
78301107
1646036311
3493076762888721
431615976
2435767
1481675
262453663
75
249118
617285
632887
33824345
228071844
3493142030453463
471303350
4962263
24478119
305003672
1023665606
316674559
437316738
454143774
33488229
2765893
19157252
2064022092
1257649129
267685040
555945326
378034
66607740
486578649
1280231019
388699948
178184502
1837617
1985428914
421912906
378885845
8365699
384903084
27900565
3433092
321173469
353495419
16206007
12855005
25807917
29404012
1473247194
4543111
690748574
13490172
490505561
94114029
94251562
75912367
1895195099
26606146
19047009
152031732
237311595
38053181
13826185
16671656
285870912
3345720
5870268
432044872
320818292
15834498
291323980
27717433
648956087
357229416
9037593
1446722183
521249172
35303886
31023134
488779255
12820125
35789774
239688446
1643718
471792754
69112541
451618887
32682920
1425239276
594331
5818410
8864484
677378178
20706631
1838326986
381500733
342125665
329519036
30643878
63486758
1011433285
1531707
486633990
480959917
11100920
70663325
284424
1968595
65764710
452790824
1509687190
1885250814
3494373444552807
1155574439
696648800
37746255
312776787
43222001
8784855
2091493365
25503580
382189062
16539048
2374194
270355850
1870883193
423787685
475921437
194484313
43645887
3537111860906778
15135791
3119762
395415494
14781644
1328884745
13636363
11073
290526283
590201208
7481602
574115689
254463269
400230277
279991456
3562949
31599940
490988656
419872064
395619513
44688866
337312411
435972
386406763
250111460
59905809
3494356629588200
492840942
94281836
14110780
361146119
128648502
10680360
34044873
16307541
15960317
481564884
170948267
41273726
393671271
473222648
1871001
144709395
648113003
2990100
85835398
22141287
406745134
259358419
647193094
451577982
16781609
3845741
11646119
249608727
1155660459
686127
3040178
1577804
689412549
50111839
142371069
383578614
28266043
552898298
386900246
15385187
302145
12665806
484678371
28642491
13204855
1618410357
394609671
491593210
1328260
36882906
14871346
43219807
138832847
18920713
3493136900819691
16918852
431073645
34129428
16054375
13733433
13118294
416523954
339233162
52165725
927587
3032988
4537274
533459953
3493269956725213
335575297
321978895
423738152
691939902
452161580
22344481
8580411
2026561407
612492134
13684647
256667467
431313625
37349250
2460656
508752914
26321770
471723540
1802432345
946974
3913194
1009833374
335692980
10534933
455710037
2014513
29367693
85318798
154506630
28822227
309435
600454
1966242263
4128618
1233172390
64836364
836885
432499697
168064909
348640514
515015078
21068110
356185545
88461692
677865752
97329513
525952604
19286458
611693868
46622315
52250
26633150
9303228
82429591
8034163
1916474
34646754
5771902
410964
27534330
1159454621
265059948
270105105
186443421
1420982
90361813
326081112
3380239
16794231
37060473
7223194
104207471
1017880264
495535252
1557073149
49746395
346613629
431886272
349888821
1123353719
53386126
10345615
3682229
295711424
691874720
473519710
1282960442
15080107
168598
203708804
213845897
27899754
9161547
31012715
491461719
351583506
49494871
300722822
347667464
58852835
2350559
472747194
16836724
599350028
53542
296426733
523085457
483203976
390126641
2528735
587618113
337521240
42870908
488836173
15892313
176037767
219498872
7349
524704055
9550310
1458143131
1467772
1415383726
1589613
11684621
22277354
50857144
908383
1677445
480366389
23730666
808171
29252533
479083245
418335676
269319344
21118533
730732
427494870
452606628
91373845
18020792
7487399
16938853
1848018
5007752
2079933284
1079373656
3075365
396848107
299698813
397490386
419738808
367877
252154437
112938490
383359788
37654020
3461577439184959
24301201
677063300
249104
1830027556
161419374
69099651
27959806
140458333
568089240
99255829
316381099
103388721
673906883
352637817
96070394
521483348
249703977
39737405
2074644467
2728123
398385878
1807893183
486183
1950209
295723
501183549
41253583
8778083
68412710
39915398
129259501
50329118
591228087
479016408
520981241
11021614
1338715561
99748932
17819768
7527048
636571316
612194373
8530565
649831334
90142376
147166910
514019783
10462362
39770108
3465236
455557356
37754047
553425
1454439996
235555226
236711132
34671026
412719797
5293668
131058159
245645656
388742853
9824766
773977
382986457
82623507
457027794
24369084
24314825
130636947
181508854
178991405
323886922
49264231
477535138
651039864
620677629
6878415
19696996
412588171
319656701
1534024896
37804608
1007043700
25246930
14575487
598819925
285571498
51588985
416128940
276302775
1645177444
28880583
693164256
1534844312
249115678
8960728
152389373
297786973
1351379
477631979
1708184076
662658732
4364661
11733609
1721304028
680447
402574397
338927049
14066316
24490535
152015773
21778075
398510
1313155752
415403269
26240675
9838560
73415355
419058522
26023642
1394630939
2132435922
415890389
1022925768
1197930573
496035658
356010767
39627524
35195926
164937950
9321359
122879
104853743
405370021
287051794
3985676
1636034895
1022762448
19738891
434736287
1946720965
383017729
388576777
1103995450
26139491
17239951
606395870
489117797
254535526
313580179
671179772
22172358
32923734
325404206
474493516
51538603
51612745
540043455
1736080638
6272357
676513039
40966108
378067652
17409016
51031539
407054668
9458053
10558098
16351122
221648
380096134
1173471557
35429200
38351330
519872016
250858633
327750329
493551742
386043247
92990263
22423090
693095605
154021609
4501013
503034422
1645067055
59550906
103416759
1702584264
165011
10306451
11688464
454719565
332432527
80304
375375
2026548816
485704862
353609978
1213516929
547173382
501097725
4578433
15634833
26253404
546195
198748058
518876755
3461572842228424
4059920
344849038
125526
448019333
791806
168160301
46708782
598464467
1858682
126085374
504468324
483504495
30625977
86138838
684169
419220
30652169
11131476
20998875
589991077
456631851
414350632
22774620
339680732
328538733
446430908
21143599
3493075179539178
192090
257975429
13904634
244159959
8937568
49925109
227107602
6917320
17223352
2142762
6739643
16720403
389995459
393166851
860464
177613639
288395720
25876945
382337524
385786354
33386841
37946996
888465
3766866
18337466
1202762767
272344192
37781521
285499073
9009480
397865300
414336759
1935882
474702359
1135354469
463813
290381772
562770406
526559715
116683
244148149
219683419
686501416
256763
319762851
604003146
250648682
400813602
437744340
483301783
129879174
662609045
1197454103
282994
14333871
588699547
11685197
29524014
457718798
440544870
259333
1140672573
1833524110
31438993
99157282
3816626
325844
3186399
1605721
9141751
287003199
3541434
277329684
472116007
520155988
14082
2378438
1887085169
7552204
1858684641
33683045
429741851
258457966
1454428081
18343098
91542133
65395325
1340190821
1532165
6075139
55723103
28626598
15770782
40925609
406517693
282136
392848257
7206526
4831263
13221028
2100944625
28152637
389088
585267
2860983
49246269
1959207366
79577853
458165375
1638405172
657817
18706318
719238
31078113
129240403
9008159
16797288
2051617240
39839686
145090949
171368594
9993951
40427625
334892181
43703740
7596516
1962633
13799007
2006034
433351
667710632
630889051
3493130607265963
429392011
401480763
688411531
447317111
355819214
89042331
314690088
494899662
515993
29059186
414700515
258844831
174902557
483162496
21330948
360046931
540564177
38048878
20546476
306895558
278898145
403075777
434249681
646730844
123938419
436302875
409333928
49149090
355596637
483879799
492628109
1335713025
1858861103
174041198
12816241
1711342368
11684516
1471508
14671542
3314672
93876791
488009671
19827060
645711700
3219088
420842602
544336675
23630128
26260881
16419172
234256
203337614
11704865
11997177
49827106
14751040
442926799
509034027
42359018
2192108
647208864
466272
883968
10874201
216025
588278127
50316381
679237565
66639742
450882837
297344797
385805493
403748305
1217628212
697166795
519253600
624252710
102999485
382628638
480305216
37880130
3341680
1705085128
1009972927
24276994
4370617
216844
385895618
3218476
395931838
25782796
106685726
2846448
627888730
755370
31220044
28021954
108569350
476697953
14583962
11164088
76033602
330415548
289887832
42619059
182481858
403754348
479337999
28152409
316568752
23604445
41642624
2403047
596866446
13405518
21031789
22121599
19319172
5840286
357261525
94902220
395936853
8263502
777536
351477766
415479453
281403700
475304452
411379495
455876411
283753310
1875910928
1171758330
16853896
14402657
1754707
2200736
488609381
550887704
298700788
151482404
423770160
2522486
94510621
7792521
1318997
1654470
3353026
40328948
535128436
346563107
179922650
167922652
7212583
1381545
437573432
167533655
51896064
11278782
2108856
4797136
75547577
1043225256
3334179
364888155
271621704
670356068
1536568491
36593637
1593381854
290548469
1565155
642228
6574487
1004483548
381281213
66454334
397076059
454395857
28664408
374377
95515699
38294246
32708543
554601071
456664753
14068111
474853499
64925986
510189715
323987490
700782879
425036110
197098
4474705
19007306
434527526
164139557
386119401
3127528
9596327
7788379
454755309
2041168605
504648459
596324576
624757844
11498155
41637666
19584552
80991539
1372433
494116778
7450650
2528889
13199099
2206456
7167497
483311105
11270116
3493094345410926
324879
477531206
390527713
67141
339829020
28330240
5374954
13164144
125776535
21837784
450905062
179877869
28053896
97094027
11253297
423895
430969192
15262818
452309333
562197
83970403
352431409
361775100
2019740
43389575
62540916
2920960
37291782
44243
1469294562
3494353144121809
175861153
558211876
25422790
14506388
326524022
660453238
212630840
63274187
20530305
247743458
7437481
1813173223
5460329
1885078
66391032
4029133
4196484
12807175
211700578
430926487
4925207
452307969
38157763
25706078
29296192
323900921
627490
1060298161
84706708
486287787
298946431
396806711
105038284
523441213
37974444
27756469
32365949
67141499
26287758
605544858
486122776
11265345
434376696
594534726
8372353
8613763
493570956
3379951
72270557
176256777
2009411388
687489264
3461569088326047
748709
14254182
63231
530044
3227461
198297
524632405
1951038
52190805
226116403
253350665
5957440
476704454
480931196
7428971
35847683
37961599
3218685
1526560679
347863604
37663924
641975239
5128788
178029850
508963009
8549577
74993112
15782465
1868680431
326246517
505601772
174070934
472129071
633076
145149047
174949313
2821370
317783104
4162287
25910292
1893045
39922227
110352985
2173008
17171565
11257744
169939917
60509716
482775957
1298409877
23751767
67963852
383444910
274459325
1195284234
70666
294651267
384136794
5581898
473524263
320491072
677566519
121225592
4938763
262095358
1474965865
284120
216623621
1775966996
291415305
32598766
694703612
470156882
11336264
178690106
688433575
324529831
9354231
3386870
35304890
26108626
11616487
327757321
380450992
85651824
624243924
439270509
14890801
2884629
507521207
889558
414227150
4408371
101363350
1958342
18442291
29329085
37938802
33382000
363159975
7817472
353539995
25008541
545795620
358247498
279583114
25150941
8188433
254662438
13279707
19750237
1277309396
18111577
50161731
543931452
2147413451
17364274
8739477
122068110
2103351
323024456
1990976212
18149131
357665034
9617619
280793434
630327749
66437536
22770727
532741557
35836017
303740257
436175352
1265405170
6724070
590490400
19693868
1265652806
14897804
342722155
4320540
9026942
13934589
596842980
394728524
11713586
8491103
454118230
45944115
241679003
300994119
267766441
496688267
434217755
20990353
686150641
519570323
17561219
381689762
4571785
5970160
326427334
138894648
97077404
513722566
8279670
6875363
7714
355327690
243681035
9618426
30647063
160364491
1451754635
517661394
586789337
6989655
2136132
266041197
1050941634
32606879
503018662
326499679
264161
1359172699
626766503
312760509
403038375
734221
54256094
1586747489
1855673040
174890586
36046546
19642758
111363591
390371228
1663903475
405054588
437092963
35814994
6087825
207346018
1869712375
17134369
32345093
5462540
343348
19525533
406636263
489412051
1868902080
123321175
2733216
423218637
97501402
1913178834
15704085
22089099
25623387
512574759
591856754
161775300
25954179
25126508
26032219
470962000
638816489
17546432
475600552
414641554
1791101
48133212
482673878
703031889
349670393
11742550
7295246
402576555
331588431
3334737
10097868
1152130637
492628593
6496196
893053
677770326
345630501
23947287
234579272
1468951948
291042076
487511093
19577966
255181697
487419397
188662
631172681
